camera_matrix:
- [787.8678373103058, 0.0, 316.4416431967874]
- [0.0, 794.580147744432, 238.10359856397068]
- [0.0, 0.0, 1.0]
dist_coeff:
- [0.06806918404141053, -3.2830047100163, -0.0077908673454203225, -0.0035900941441229664,
  21.292249671594124]
height: 480
width: 640
